169359482,20170102,225105,3001
168158115,20170102,225106,3001
169770883,20170102,225113,3001
170000124,20170102,225117,3001
169320800,20170102,225125,3001
168628718,20170102,225128,3001
166780405,20170102,225142,3001
166069112,20170102,225211,3001
165963875,20170102,225217,3001
169993781,20170102,225245,3001
169397526,20170102,225255,3001
166278220,20170102,225307,3001
167432867,20170102,225314,3001
166672702,20170102,225315,3001
170078262,20170102,225323,3001
168391890,20170102,225347,3001
170078262,20170102,225350,3001
161401753,20170102,225353,3001
166820040,20170102,225406,3001
169954539,20170102,225432,3001
169472696,20170102,225434,3001
169954539,20170102,225444,3001
168894952,20170102,225501,3001
168481157,20170102,225501,3001
169587887,20170102,225514,3001
169546055,20170102,225535,3001
169546055,20170102,225525,3001
168894952,20170102,225530,3001
170146639,20170102,225556,3001
169604923,20170102,225613,3001
166876896,20170102,225634,3001
168517592,20170102,225637,3001
168869725,20170102,225636,3001
163507492,20170102,225642,3001
168833312,20170102,225650,3001
168496645,20170102,225726,3001
168236893,20170102,225740,3001
169504884,20170102,225734,3001
168966914,20170102,225825,3001
169368237,20170102,225842,3001
169843545,20170102,225855,3001
168887713,20170102,225853,3001
168967001,20170102,225930,3001
169500850,20170102,225923,3001
165934586,20170102,225943,3001
168496645,20170102,225952,3001
168496645,20170102,225954,3001
164115541,20170102,225956,3001
168603374,20170102,230002,3001
168204582,20170102,230002,3001
169288846,20170102,230010,3001
168396651,20170102,230039,3001
166002217,20170102,230042,3001
162563995,20170102,230051,3001
168980679,20170102,230103,3001
163905616,20170102,230120,3001
163469719,20170102,230128,3001
169911766,20170102,230203,3001
168205576,20170102,230215,3001
170115674,20170102,230212,3001
169597799,20170102,230215,3001
168679335,20170102,230225,3001
168693777,20170102,230223,3001
168852635,20170102,230236,3001
168361784,20170102,230245,3001
168726943,20170102,230246,3001
168907484,20170102,230254,3001
168641994,20170102,230256,3001
168799545,20170102,230300,3001
169579800,20170102,230317,3001
166497656,20170102,230325,3001
166756648,20170102,230335,3001
169481855,20170102,230334,3001
170111387,20170102,230351,3001
169978474,20170102,230344,3001
160319768,20170102,230416,3001
167350688,20170102,230422,3001
167940835,20170102,230427,3001
167940835,20170102,230430,3001
169982904,20170102,230425,3001
169620632,20170102,230443,3001
166807525,20170102,230454,3001
169122641,20170102,230454,3001
167940835,20170102,230455,3001
169514833,20170102,230506,3001
169291010,20170102,230510,3001
168652246,20170102,230509,3001
169932418,20170102,230520,3001
164896577,20170102,230544,3001
169495883,20170102,230551,3001
166277431,20170102,230550,3001
168807223,20170102,230554,3001
168762087,20170102,230603,3001
169495883,20170102,230603,3001
169542042,20170102,230612,3001
166214342,20170102,230607,3001
169784993,20170102,230640,3001
161135527,20170102,230647,3001
165642144,20170102,230702,3001
160634013,20170102,230720,3001
166589366,20170102,230720,3001
167011882,20170102,230739,3001
168938116,20170102,230800,3001
168993298,20170102,230806,3001
37877581,20170102,230809,3001
164081553,20170102,230810,3001
170035035,20170102,230811,3001
161248695,20170102,230828,3001
168758088,20170102,230856,3001
169009352,20170102,230910,3001
168603374,20170102,230911,3001
169009352,20170102,230922,3001
168894952,20170102,230940,3001
168894952,20170102,230937,3001
168894952,20170102,230938,3001
170082406,20170102,230950,3001
168320576,20170102,231000,3001
170149726,20170102,231032,3001
168532236,20170102,231030,3001
160759131,20170102,231048,3001
169815731,20170102,231046,3001
169506814,20170102,231115,3001
168652246,20170102,231122,3001
163136151,20170102,231119,3001
169506814,20170102,231130,3001
168462006,20170102,231219,3001
168607603,20170102,231225,3001
168900153,20170102,231246,3001
169610670,20170102,231314,3001
165889636,20170102,231338,3001
169388112,20170102,231337,3001
165889636,20170102,231359,3001
169752063,20170102,231405,3001
168991830,20170102,231434,3001
169093793,20170102,231455,3001
169779965,20170102,231453,3001
168674369,20170102,231503,3001
169309385,20170102,231458,3001
161428349,20170102,231516,3001
168862382,20170102,231521,3001
166589366,20170102,231555,3001
168717052,20170102,231556,3001
168717052,20170102,231556,3001
168603374,20170102,231609,3001
159542798,20170102,231615,3001
168503066,20170102,231639,3001
167318068,20170102,231648,3001
165813120,20170102,231708,3001
169954539,20170102,231723,3001
160567368,20170102,231720,3001
168993982,20170102,231731,3001
169562446,20170102,231741,3001
168681141,20170102,231750,3001
168354973,20170102,231744,3001
168428990,20170102,231811,3001
169734654,20170102,231851,3001
168462006,20170102,231851,3001
169101081,20170102,231908,3001
167432867,20170102,231907,3001
168603403,20170102,231922,3001
166381811,20170102,231931,3001
169712272,20170102,231931,3001
169193473,20170102,231940,3001
169349061,20170102,231949,3001
167895899,20170102,231950,3001
166780405,20170102,231955,3001
168993298,20170102,232041,3001
169299651,20170102,232048,3001
168908625,20170102,232110,3001
160759131,20170102,232111,3001
164871785,20170102,232119,3001
168440902,20170102,232201,3001
169767749,20170102,232213,3001
168483341,20170102,232223,3001
169902169,20170102,232249,3001
167469658,20170102,232309,3001
169504082,20170102,232323,3001
163136151,20170102,232329,3001
105910837,20170102,232341,3001
169271991,20170102,232341,3001
169543664,20170102,232335,3001
166002217,20170102,232348,3001
169249073,20170102,232358,3001
37877581,20170102,232356,3001
169180073,20170102,232423,3001
164618880,20170102,232436,3001
166326238,20170102,232505,3001
166820688,20170102,232501,3001
169280043,20170102,232507,3001
169528596,20170102,232512,3001
168852635,20170102,232513,3001
161025715,20170102,232526,3001
168907484,20170102,232539,3001
170101665,20170102,232543,3001
159215265,20170102,232629,3001
169324814,20170102,232635,3001
169547893,20170102,232631,3001
163218958,20170102,232644,3001
166589366,20170102,232706,3001
164618880,20170102,232707,3001
166253796,20170102,232729,3001
169270728,20170102,232752,3001
169476435,20170102,232822,3001
169467872,20170102,232854,3001
168817454,20170102,232858,3001
167360872,20170102,232906,3001
168898876,20170102,232920,3001
169056777,20170102,232923,3001
169205635,20170102,232914,3001
169712272,20170102,232937,3001
169822488,20170102,232940,3001
166277431,20170102,233014,3001
166876896,20170102,233021,3001
165889636,20170102,233031,3001
163218958,20170102,233116,3001
169014410,20170102,233136,3001
169686316,20170102,233138,3001
169027873,20170102,233138,3001
167237824,20170102,233208,3001
169769180,20170102,233245,3001
168334625,20170102,233253,3001
165716084,20170102,233259,3001
166874995,20170102,233322,3001
169223718,20170102,233329,3001
169290888,20170102,233356,3001
165813120,20170102,233417,3001
168762087,20170102,233420,3001
169408766,20170102,233424,3001
168567737,20170102,233443,3001
168037956,20170102,233516,3001
168839345,20170102,233530,3001
164023843,20170102,233521,3001
168802393,20170102,233538,3001
168160331,20170102,233601,3001
168268586,20170102,233614,3001
168292841,20170102,233615,3001
169297262,20170102,233621,3001
168643854,20170102,233622,3001
169978474,20170102,233650,3001
168607603,20170102,233645,3001
168365684,20170102,233708,3001
161428349,20170102,233715,3001
168374914,20170102,233730,3001
168160331,20170102,233727,3001
166947560,20170102,233757,3001
170150551,20170102,233801,3001
169587887,20170102,233806,3001
166807525,20170102,233848,3001
169500850,20170102,233845,3001
166589366,20170102,233933,3001
169297262,20170102,234015,3001
162182375,20170102,234009,3001
169886112,20170102,234041,3001
169576097,20170102,234058,3001
166239869,20170102,234105,3001
169303551,20170102,234101,3001
170047729,20170102,234135,3001
161248695,20170102,234137,3001
168775041,20170102,234134,3001
169229989,20170102,234135,3001
168268586,20170102,234130,3001
161248695,20170102,234145,3001
168117423,20170102,234145,3001
167815004,20170102,234144,3001
161248695,20170102,234140,3001
168957204,20170102,234153,3001
169575094,20170102,234151,3001
161248695,20170102,234149,3001
168374914,20170102,234215,3001
169357068,20170102,234211,3001
167347475,20170102,234231,3001
169562446,20170102,234254,3001
166791667,20170102,234326,3001
170104938,20170102,234313,3001
167350688,20170102,234314,3001
166497656,20170102,234328,3001
161862797,20170102,234339,3001
170030536,20170102,234347,3001
166820688,20170102,234403,3001
166820688,20170102,234403,3001
166820688,20170102,234410,3001
168727396,20170102,234426,3001
166657199,20170102,234421,3001
168662765,20170102,234438,3001
169815731,20170102,234440,3001
168418820,20170102,234554,3001
168396651,20170102,234622,3001
167252423,20170102,234638,3001
166697203,20170102,234648,3001
161700059,20170102,234704,3001
167252423,20170102,234709,3001
161550927,20170102,234748,3001
169297262,20170102,234746,3001
168384579,20170102,234803,3001
163653332,20170102,234756,3001
165610176,20170102,234809,3001
168869725,20170102,234812,3001
165963875,20170102,234827,3001
170082406,20170102,234832,3001
168524787,20170102,234855,3001
169562446,20170102,234914,3001
169562446,20170102,234919,3001
170147077,20170102,234931,3001
169562446,20170102,234926,3001
169562446,20170102,234930,3001
169562446,20170102,234927,3001
169562446,20170102,234940,3001
169742424,20170102,234940,3001
169535532,20170102,234945,3001
159932964,20170102,234952,3001
169716666,20170102,234956,3001
162182375,20170102,235000,3001
170079565,20170102,235009,3001
161300676,20170102,235014,3001
168184198,20170102,235039,3001
167727258,20170102,235050,3001
168603403,20170102,235051,3001
168581197,20170102,235107,3001
161094496,20170102,235114,3001
165934586,20170102,235111,3001
169467872,20170102,235156,3001
169569499,20170102,235205,3001
164706580,20170102,235213,3001
163684935,20170102,235212,3001
166756648,20170102,235226,3001
163906708,20170102,235244,3001
169799148,20170102,235310,3001
169642893,20170102,235353,3001
167341441,20170102,235413,3001
166886270,20170102,235443,3001
169097350,20170102,235442,3001
166947560,20170102,235524,3001
168643854,20170102,235517,3001
169982904,20170102,235602,3001
168954454,20170102,235621,3001
164416870,20170102,235634,3001
140664020,20170102,235634,3001
164416870,20170102,235640,3001
164416870,20170102,235646,3001
164416870,20170102,235656,3001
164416870,20170102,235649,3001
164416870,20170102,235650,3001
168617331,20170102,235649,3001
164416870,20170102,235651,3001
164416870,20170102,235650,3001
169779965,20170102,235658,3001
164618880,20170102,235712,3001
164416870,20170102,235709,3001
164416870,20170102,235718,3001
164416870,20170102,235725,3001
164416870,20170102,235742,3001
167011882,20170102,235744,3001
169712272,20170102,235812,3001
160065995,20170102,235842,3001
167826186,20170102,235915,3001
165717351,20170102,235916,3001
168268586,20170102,235919,3001
170150442,20170102,235925,3001
169508994,20170102,235931,3001
130107374,20170103,8,0
168861924,20170103,5,0
166858339,20170103,8,0
163970813,20170103,6,0
164796377,20170103,2,0
168087197,20170103,7,0
165254827,20170103,0,0
170076900,20170103,7,0
166228707,20170103,2,0
153357222,20170103,4,0
153357222,20170103,4,0
164043835,20170103,5,0
137550375,20170103,1,0
155128874,20170103,1,0
167220191,20170103,1,0
160050229,20170103,0,0
165090708,20170103,6,0
155044555,20170103,4,0
163754754,20170103,3,0
159910383,20170103,6,0
164350027,20170103,1,0
140346485,20170103,8,0
167778387,20170103,6,0
153500252,20170103,7,0
150125609,20170103,5,0
169361677,20170103,1,0
170047124,20170103,6,0
166102429,20170103,4,0
166942182,20170103,5,0
149784729,20170103,4,0
164503744,20170103,3,0
157478611,20170103,1,0
163866051,20170103,21,0
163847514,20170103,21,0
163578696,20170103,20,0
167333653,20170103,23,0
158730063,20170103,21,0
168583476,20170103,21,0
163858928,20170103,22,0
150384285,20170103,12,0
169678755,20170103,24,0
163457143,20170103,21,0
163330332,20170103,15,0
165547635,20170103,18,0
163371702,20170103,19,0
146555425,20170103,15,0
163958328,20170103,12,0
162969767,20170103,24,0
165934493,20170103,12,0
145088170,20170103,16,0
160196532,20170103,23,0
169297373,20170103,15,0
166352027,20170103,17,0
167307552,20170103,16,0
162538090,20170103,20,0
140395200,20170103,19,0
156527276,20170103,9,0
168233039,20170103,16,0
155041933,20170103,19,0
168980848,20170103,17,0
157888927,20170103,14,0
160649131,20170103,24,0
166701408,20170103,23,0
142935348,20170103,20,0
160739979,20170103,14,0
166701408,20170103,22,0
168806689,20170103,21,0
170075717,20170103,9,0
164224958,20170103,9,0
166725563,20170103,22,0
164100148,20170103,18,0
153532333,20170103,22,0
170096573,20170103,13,0
142037868,20170103,13,0
159982700,20170103,22,0
152027487,20170103,19,0
169526864,20170103,13,0
168102567,20170103,13,0
157693790,20170103,22,0
163296479,20170103,14,0
164476872,20170103,12,0
170102499,20170103,21,0
163368912,20170103,26,0
151452960,20170103,25,0
130107374,20170103,25,0
154899239,20170103,31,0
169208616,20170103,31,0
166228707,20170103,25,0
155677576,20170103,26,0
131877162,20170103,33,0
164285213,20170103,26,0
168277592,20170103,30,0
149700058,20170103,33,0
153178969,20170103,26,0
167615918,20170103,27,0
161784044,20170103,32,0
169738141,20170103,33,0
163853573,20170103,33,0
164941369,20170103,25,0
162119041,20170103,27,0
167895850,20170103,30,0
164917187,20170103,32,0
149880751,20170103,28,0
164307599,20170103,28,0
170150573,20170103,26,0
167664044,20170103,28,0
137287418,20170103,24,0
131877162,20170103,2,0
156520002,20170103,32,0
150308235,20170103,30,0
168907146,20170103,33,0
163853573,20170103,1,0
168907146,20170103,2,0
166977127,20170103,9,0
167516366,20170103,8,0
160178812,20170103,5,0
140924586,20170103,8,0
159978926,20170103,5,0
170040331,20170103,4,0
129601853,20170103,44,0
144528916,20170103,43,0
167516366,20170103,39,0
123165488,20170103,41,0
165713493,20170103,42,0
157577400,20170103,41,0
170040331,20170103,36,0
164810155,20170103,41,0
166532748,20170103,41,0
165547450,20170103,38,0
164254295,20170103,42,0
167084466,20170103,44,0
163531249,20170103,37,0
169520334,20170103,44,0
152072044,20170103,38,0
123976491,20170103,38,0
140086156,20170103,35,0
150578282,20170103,34,0
165837933,20170103,42,0
152878495,20170103,39,0
159978926,20170103,36,0
150105445,20170103,34,0
169588256,20170103,37,0
156343472,20170103,41,0
135069723,20170103,35,0
165547450,20170103,37,0
159030053,20170103,34,0
160178812,20170103,36,0
160178812,20170103,36,0
155741343,20170103,42,0
149154106,20170103,38,0
166977127,20170103,40,0
163233509,20170103,35,0
159572760,20170103,38,0
155531365,20170103,43,0
151013122,20170103,40,0
139463830,20170103,45,0
166570892,20170103,44,0
169763509,20170103,40,0
165837933,20170103,11,0
123976491,20170103,7,0
163912701,20170103,16,0
169979250,20170103,19,0
157293569,20170103,19,0
166248855,20170103,23,0
166877969,20170103,18,0
149571211,20170103,16,0
168756727,20170103,17,0
151806036,20170103,23,0
166818693,20170103,23,0
170102901,20170103,15,0
162765641,20170103,18,0
164222564,20170103,45,0
167970779,20170103,52,0
167614703,20170103,52,0
162765641,20170103,49,0
169459562,20170103,50,0
151420689,20170103,50,0
166115109,20170103,45,0
154494109,20170103,46,0
154552080,20170103,49,0
167012955,20170103,21,0
168323136,20170103,18,0
159940375,20170103,18,0
170102901,20170103,46,0
168323136,20170103,49,0
140924586,20170103,50,0
166877969,20170103,49,0
169678610,20170103,48,0
167441344,20170103,17,0
168756727,20170103,48,0
164837903,20170103,46,0
169930468,20170103,46,0
162803003,20170103,46,0
167012955,20170103,52,0
153595282,20170103,49,0
150354025,20170103,47,0
130942240,20170103,48,0
167441344,20170103,48,0
149571211,20170103,47,0
164070496,20170103,45,0
170151949,20170103,46,0
166556209,20170103,54,0
169979250,20170103,51,0
161884189,20170103,45,0
143920759,20170103,45,0
166572714,20170103,47,0
157293569,20170103,50,0
167760960,20170103,53,0
164695581,20170103,46,0
163912701,20170103,47,0
163634522,20170103,45,0
166316506,20170103,53,0
162271063,20170103,47,0
166248855,20170103,54,0
168791105,20170103,53,0
158665662,20170103,48,0
151806036,20170103,54,0
154480755,20170103,54,0
140090862,20170103,48,0
160470085,20170103,54,0
169193293,20170103,25,0
159978926,20170103,27,0
169863734,20170103,25,0
157293569,20170103,31,0
168299392,20170103,32,0
169526906,20170103,33,0
162265705,20170103,55,0
167139130,20170103,55,0
155705991,20170103,58,0
128696046,20170103,57,0
170080457,20170103,102,0
169871609,20170103,58,0
170080457,20170103,30,0
170009746,20170103,102,0
165281675,20170103,101,0
167681361,20170103,100,0
170150317,20170103,57,0
164148541,20170103,100,0
168836361,20170103,103,0
169863734,20170103,56,0
166385124,20170103,101,0
170151958,20170103,101,0
167130759,20170103,103,0
170133595,20170103,29,0
163311322,20170103,59,0
147151791,20170103,59,0
170133595,20170103,101,0
166818693,20170103,55,0
159220149,20170103,56,0
150210963,20170103,107,0
130847231,20170103,114,0
136570437,20170103,56,0
152174096,20170103,114,0
155213430,20170103,56,0
165369408,20170103,110,0
163761589,20170103,106,0
157930205,20170103,56,0
160470085,20170103,110,0
128429424,20170103,56,0
169193293,20170103,56,0
163957120,20170103,107,0
166935988,20170103,110,0
152175309,20170103,105,0
169412839,20170103,101,0
161375030,20170103,58,0
169317210,20170103,100,0
169871609,20170103,27,0
157293569,20170103,102,0
165620258,20170103,55,0
169991124,20170103,33,0
169433653,20170103,30,0
165620258,20170103,24,0
170009746,20170103,31,0
170080879,20170103,100,0
167615791,20170103,27,0
170080879,20170103,28,0
169317210,20170103,28,0
170144541,20170103,59,0
169433653,20170103,101,0
169412839,20170103,29,0
170144541,20170103,27,0
159978926,20170103,58,0
124554329,20170103,59,0
163311322,20170103,27,0
159940375,20170103,59,0
170151958,20170103,29,0
127575385,20170103,100,0
155270226,20170103,100,0
160836973,20170103,109,0
151384670,20170103,105,0
167615791,20170103,58,0
166483916,20170103,113,0
134652089,20170103,108,0
166709371,20170103,113,0
139112132,20170103,111,0
164474233,20170103,57,0
166371242,20170103,114,0
156501904,20170103,105,0
168299392,20170103,103,0
158475554,20170103,106,0
169526906,20170103,104,0
167966504,20170103,110,0
158258074,20170103,112,0
169195845,20170103,57,0
166884332,20170103,57,0
161872789,20170103,114,0
165901084,20170103,105,0
161466569,20170103,57,0
158025885,20170103,112,0
165670247,20170103,105,0
169860305,20170103,106,0
148329378,20170103,105,0
162896188,20170103,57,0
166392532,20170103,57,0
156873147,20170103,108,0
169451035,20170103,109,0
164736573,20170103,113,0
169991124,20170103,104,0
161993427,20170103,114,0
163065493,20170103,103,0
150401255,20170103,110,0
166595714,20170103,108,0
156235729,20170103,109,0
161235389,20170103,113,0
167564908,20170103,112,0
146407763,20170103,107,0
169860305,20170103,35,0
166935988,20170103,38,0
163761589,20170103,35,0
160924209,20170103,118,0
157478611,20170103,119,0
148062366,20170103,118,0
161969583,20170103,118,0
168456247,20170103,120,0
146324479,20170103,118,0
164665937,20170103,120,0
167839426,20170103,124,0
169493658,20170103,115,0
163137287,20170103,123,0
167731598,20170103,117,0
169097347,20170103,121,0
167320094,20170103,125,0
168404921,20170103,115,0
162032480,20170103,121,0
164222564,20170103,122,0
153374596,20170103,120,0
166303072,20170103,118,0
163868256,20170103,115,0
170044772,20170103,118,0
151372927,20170103,125,0
146998308,20170103,124,0
144160139,20170103,121,0
169451035,20170103,37,0
163363763,20170103,115,0
166125914,20170103,123,0
142070551,20170103,119,0
167451327,20170103,123,0
154720217,20170103,117,0
165812235,20170103,121,0
167086373,20170103,124,0
146998308,20170103,124,0
170150228,20170103,121,0
158913879,20170103,117,0
166709371,20170103,41,0
169870016,20170103,117,0
167505700,20170103,114,0
156450096,20170103,120,0
169785787,20170103,117,0
169936510,20170103,116,0
167505700,20170103,43,0
161235389,20170103,42,0
169269937,20170103,100,0
147727536,20170103,102,0
161489606,20170103,125,0
165205548,20170103,132,0
132835360,20170103,125,0
170079602,20170103,131,0
164382812,20170103,132,0
164377632,20170103,126,0
168231297,20170103,127,0
164377632,20170103,55,0
159888434,20170103,132,0
164781358,20170103,126,0
168993223,20170103,132,0
134958678,20170103,125,0
151384670,20170103,132,0
169269937,20170103,132,0
167835663,20170103,126,0
169936510,20170103,45,0
156450096,20170103,49,0
160924209,20170103,47,0
167640120,20170103,103,0
169785787,20170103,46,0
155705991,20170103,129,0
154041076,20170103,132,0
153762062,20170103,134,0
167879713,20170103,131,0
169376212,20170103,127,0
170097629,20170103,127,0
154576257,20170103,127,0
168192195,20170103,128,0
169923711,20170103,132,0
129981168,20170103,126,0
169396395,20170103,129,0
163993505,20170103,127,0
167582624,20170103,59,0
155616574,20170103,129,0
169476077,20170103,130,0
169472092,20170103,128,0
139046491,20170103,131,0
152180297,20170103,130,0
169604550,20170103,133,0
152416556,20170103,129,0
169856431,20170103,132,0
166945464,20170103,102,0
159888434,20170103,101,0
169472092,20170103,128,0
167451327,20170103,52,0
168778297,20170103,53,0
144160139,20170103,50,0
169923711,20170103,100,0
166945464,20170103,133,0
167884430,20170103,133,0
169396395,20170103,57,0
169793523,20170103,58,0
147727536,20170103,133,0
160094057,20170103,133,0
169476077,20170103,59,0
169793523,20170103,131,0
161309756,20170103,130,0
166209452,20170103,130,0
167839426,20170103,53,0
168233071,20170103,134,0
169686818,20170103,131,0
167582624,20170103,130,0
168778297,20170103,106,0
161809677,20170103,114,0
161103991,20170103,108,0
148031607,20170103,106,0
169230998,20170103,112,0
157310393,20170103,134,0
168714251,20170103,142,0
165914777,20170103,137,0
168376914,20170103,138,0
153941129,20170103,137,0
123288158,20170103,134,0
149965157,20170103,144,0
167454053,20170103,137,0
158066120,20170103,138,0
166757218,20170103,134,0
154081299,20170103,141,0
149154106,20170103,137,0
148031607,20170103,137,0
170007382,20170103,144,0
164405625,20170103,136,0
167640120,20170103,134,0
160790891,20170103,141,0
169523623,20170103,142,0
155153530,20170103,144,0
157783168,20170103,135,0
166064066,20170103,139,0
170133595,20170103,139,0
168778297,20170103,137,0
168505022,20170103,138,0
167603863,20170103,141,0
169921967,20170103,137,0
165911815,20170103,136,0
159467430,20170103,138,0
165281675,20170103,141,0
168916497,20170103,138,0
166789026,20170103,144,0
168551736,20170103,144,0
166901374,20170103,139,0
161103991,20170103,140,0
164282787,20170103,143,0
169230998,20170103,143,0
145007240,20170103,143,0
165051766,20170103,143,0
169395894,20170103,143,0
164406634,20170103,137,0
168331244,20170103,138,0
165406274,20170103,140,0
167603863,20170103,109,0
158066120,20170103,107,0
168505022,20170103,106,0
144021877,20170103,140,0
169921967,20170103,106,0
163951873,20170103,140,0
167659309,20170103,140,0
146998308,20170103,135,0
129211884,20170103,135,0
159467430,20170103,107,0
168376914,20170103,107,0
163401430,20170103,141,0
160770853,20170103,111,0
167454053,20170103,106,0
160770853,20170103,143,0
165051766,20170103,110,0
169523623,20170103,111,0
170133595,20170103,107,0
168309704,20170103,142,0
164406634,20170103,105,0
160768953,20170103,137,0
149398130,20170103,142,0
123440356,20170103,153,0
161842571,20170103,153,0
169136899,20170103,150,0
147401654,20170103,149,0
170151978,20170103,150,0
159211757,20170103,149,0
164133228,20170103,149,0
169283358,20170103,149,0
168495271,20170103,147,0
151080702,20170103,117,0
162219851,20170103,149,0
167724413,20170103,145,0
163761589,20170103,146,0
158272936,20170103,146,0
163343190,20170103,154,0
169970698,20170103,154,0
167565171,20170103,146,0
164283188,20170103,154,0
161809677,20170103,145,0
162844293,20170103,148,0
168170409,20170103,148,0
169608960,20170103,148,0
161109214,20170103,147,0
151080702,20170103,148,0
163657760,20170103,147,0
164199254,20170103,148,0
169829897,20170103,147,0
136501040,20170103,154,0
161046730,20170103,145,0
163115903,20170103,150,0
166731075,20170103,150,0
170151980,20170103,153,0
168208932,20170103,150,0
163903813,20170103,154,0
169970698,20170103,118,0
155245910,20170103,145,0
169960112,20170103,145,0
123440356,20170103,119,0
161046730,20170103,114,0
150188544,20170103,145,0
163761589,20170103,115,0
166484091,20170103,153,0
169283358,20170103,117,0
168170409,20170103,117,0
157228180,20170103,153,0
164466995,20170103,151,0
157638025,20170103,154,0
166512230,20170103,148,0
151591326,20170103,155,0
162219851,20170103,118,0
161939404,20170103,151,0
149359556,20170103,148,0
151080702,20170103,148,0
158416295,20170103,153,0
163903813,20170103,123,0
170151978,20170103,119,0
165451812,20170103,124,0
169435500,20170103,156,0
158025885,20170103,155,0
136891473,20170103,159,0
163340095,20170103,158,0
148945744,20170103,159,0
164873809,20170103,155,0
169720308,20170103,201,0
155705991,20170103,155,0
168914872,20170103,201,0
165912153,20170103,158,0
154754689,20170103,156,0
169397218,20170103,156,0
151844807,20170103,202,0
159586381,20170103,131,0
131899364,20170103,200,0
153307126,20170103,201,0
158637119,20170103,157,0
167091242,20170103,134,0
159586381,20170103,202,0
164527086,20170103,205,0
165451812,20170103,155,0
157816790,20170103,202,0
169614119,20170103,201,0
162194124,20170103,157,0
170151981,20170103,156,0
168848005,20170103,133,0
163340095,20170103,126,0
130810514,20170103,157,0
164527086,20170103,133,0
134679069,20170103,157,0
128805300,20170103,200,0
159210249,20170103,201,0
168912882,20170103,200,0
164576575,20170103,158,0
142917839,20170103,200,0
167288015,20170103,204,0
159192494,20170103,203,0
161418707,20170103,155,0
168085150,20170103,204,0
159210249,20170103,201,0
148880741,20170103,202,0
166485447,20170103,204,0
170151981,20170103,125,0
168848005,20170103,204,0
168912882,20170103,129,0
154256681,20170103,203,0
166724833,20170103,201,0
168970521,20170103,140,0
166241074,20170103,139,0
162159643,20170103,137,0
159305021,20170103,140,0
137936534,20170103,206,0
144618953,20170103,214,0
167489408,20170103,144,0
162159643,20170103,209,0
164636469,20170103,213,0
152831436,20170103,213,0
161260235,20170103,213,0
163799452,20170103,207,0
169836519,20170103,210,0
161656902,20170103,213,0
162517465,20170103,206,0
140070134,20170103,209,0
162298091,20170103,206,0
145967350,20170103,209,0
157181416,20170103,208,0
166241074,20170103,210,0
169928675,20170103,206,0
138166847,20170103,208,0
166180549,20170103,212,0
154438495,20170103,209,0
170067413,20170103,208,0
169874656,20170103,212,0
169325796,20170103,214,0
157228684,20170103,212,0
167828241,20170103,210,0
164174028,20170103,209,0
170067413,20170103,209,0
162442601,20170103,208,0
146493482,20170103,205,0
167488539,20170103,211,0
163149823,20170103,210,0
154136888,20170103,213,0
167091242,20170103,205,0
165313806,20170103,208,0
168970521,20170103,212,0
145766686,20170103,213,0
168149903,20170103,209,0
159305021,20170103,213,0
168687928,20170103,211,0
166120075,20170103,205,0
155616574,20170103,206,0
169533495,20170103,206,0
169928675,20170103,134,0
168687928,20170103,139,0
166180549,20170103,141,0
163049323,20170103,134,0
145766686,20170103,142,0
154894058,20170103,214,0
167573314,20170103,212,0
165313806,20170103,136,0
161260235,20170103,141,0
165519489,20170103,136,0
154711946,20170103,212,0
163049323,20170103,206,0
169836519,20170103,138,0
165519489,20170103,208,0
169389553,20170103,210,0
164247424,20170103,219,0
164646826,20170103,147,0
164181057,20170103,145,0
155362843,20170103,221,0
169935206,20170103,216,0
168619211,20170103,221,0
169548163,20170103,219,0
165230768,20170103,219,0
168094669,20170103,215,0
169395894,20170103,223,0
149537320,20170103,225,0
154461160,20170103,218,0
162408706,20170103,217,0
165184670,20170103,222,0
161796214,20170103,218,0
156270711,20170103,215,0
167217852,20170103,215,0
163641082,20170103,215,0
164646826,20170103,219,0
144261029,20170103,215,0
167456594,20170103,221,0
169798038,20170103,225,0
168759347,20170103,215,0
164158281,20170103,215,0
166146631,20170103,220,0
145415182,20170103,219,0
169879705,20170103,224,0
133943356,20170103,220,0
168088585,20170103,215,0
167377930,20170103,218,0
163326480,20170103,223,0
167489408,20170103,215,0
144519833,20170103,217,0
169246088,20170103,221,0
166258232,20170103,220,0
168877574,20170103,221,0
168344069,20170103,224,0
127602565,20170103,221,0
164973171,20170103,222,0
160655643,20170103,221,0
168627076,20170103,221,0
169798038,20170103,153,0
162808740,20170103,216,0
167335766,20170103,151,0
164181057,20170103,216,0
165184670,20170103,151,0
144590524,20170103,216,0
151443550,20170103,216,0
162297636,20170103,215,0
169879705,20170103,153,0
159403253,20170103,215,0
168088585,20170103,144,0
167217852,20170103,144,0
168459584,20170103,216,0
169756139,20170103,217,0
168700158,20170103,215,0
168877574,20170103,150,0
127602565,20170103,150,0
169548163,20170103,148,0
166258232,20170103,148,0
161439522,20170103,223,0
165449396,20170103,223,0
128988698,20170103,222,0
167335766,20170103,222,0
158598007,20170103,159,0
161904366,20170103,200,0
168864477,20170103,159,0
153859499,20170103,159,0
164119425,20170103,228,0
148867968,20170103,228,0
147433141,20170103,233,0
158368790,20170103,233,0
165368351,20170103,233,0
169388009,20170103,225,0
170150885,20170103,234,0
170042785,20170103,233,0
141940447,20170103,234,0
163706293,20170103,227,0
168683874,20170103,228,0
161279695,20170103,226,0
167941978,20170103,226,0
167268470,20170103,228,0
162881676,20170103,231,0
168914872,20170103,233,0
169557404,20170103,229,0
156904419,20170103,203,0
166299163,20170103,155,0
163311322,20170103,200,0
169728282,20170103,201,0
158075681,20170103,231,0
157970374,20170103,233,0
158909480,20170103,230,0
156904419,20170103,234,0
164294934,20170103,226,0
155713305,20170103,231,0
168864477,20170103,231,0
167486543,20170103,235,0
140753807,20170103,229,0
165115864,20170103,235,0
161904366,20170103,231,0
166299163,20170103,227,0
120777292,20170103,232,0
161909560,20170103,225,0
158598007,20170103,232,0
164484845,20170103,225,0
168261313,20170103,233,0
154119514,20170103,227,0
154720217,20170103,225,0
163311322,20170103,232,0
169728282,20170103,232,0
153859499,20170103,231,0
169438627,20170103,210,0
169192086,20170103,213,0
157568855,20170103,242,0
162910231,20170103,240,0
161337371,20170103,245,0
157577357,20170103,236,0
153096714,20170103,238,0
138157911,20170103,240,0
128222356,20170103,241,0
152160007,20170103,245,0
169192086,20170103,244,0
164853278,20170103,206,0
165924035,20170103,245,0
165857261,20170103,235,0
164251947,20170103,239,0
164440963,20170103,238,0
169096493,20170103,238,0
152573351,20170103,240,0
167762009,20170103,205,0
169053465,20170103,239,0
153096714,20170103,207,0
168120350,20170103,211,0
128222356,20170103,210,0
168120350,20170103,242,0
166409505,20170103,243,0
138157911,20170103,209,0
161153386,20170103,238,0
164853278,20170103,237,0
162910231,20170103,209,0
170150228,20170103,236,0
136396808,20170103,237,0
166409505,20170103,212,0
168468139,20170103,241,0
166382512,20170103,242,0
151393013,20170103,245,0
167573314,20170103,237,0
154332697,20170103,243,0
153059364,20170103,235,0
154048067,20170103,244,0
149158007,20170103,235,0
169088508,20170103,235,0
163124490,20170103,237,0
168098090,20170103,236,0
165451812,20170103,214,0
165347112,20170103,206,0
147477694,20170103,241,0
169615023,20170103,244,0
161709344,20170103,243,0
169615023,20170103,213,0
159468855,20170103,241,0
164645244,20170103,236,0
164070496,20170103,235,0
162053697,20170103,239,0
151606854,20170103,235,0
167762009,20170103,237,0
169438627,20170103,241,0
167356420,20170103,239,0
165347112,20170103,238,0
146402582,20170103,239,0
158945969,20170103,218,0
147406883,20170103,224,0
170072209,20170103,224,0
168403361,20170103,215,0
154894058,20170103,254,0
163069961,20170103,215,0
165954620,20170103,251,0
165282873,20170103,248,0
166932145,20170103,251,0
150884232,20170103,246,0
130848728,20170103,246,0
158970710,20170103,249,0
169156383,20170103,246,0
168673070,20170103,254,0
139779507,20170103,250,0
151007168,20170103,249,0
168445520,20170103,252,0
158085300,20170103,248,0
165451812,20170103,246,0
130349908,20170103,249,0
168403361,20170103,246,0
167337722,20170103,250,0
161940423,20170103,252,0
170078029,20170103,215,0
170072209,20170103,255,0
153099058,20170103,216,0
170078029,20170103,247,0
163179614,20170103,252,0
164839189,20170103,252,0
132277690,20170103,247,0
161940423,20170103,221,0
160911390,20170103,252,0
167634100,20170103,255,0
166209364,20170103,246,0
153099058,20170103,247,0
168235683,20170103,249,0
153913699,20170103,248,0
156840096,20170103,248,0
138086326,20170103,248,0
155044555,20170103,248,0
158945969,20170103,250,0
159770902,20170103,252,0
170148207,20170103,248,0
169665634,20170103,255,0
147406883,20170103,255,0
169487379,20170103,250,0
168136412,20170103,255,0
164302492,20170103,253,0
163069961,20170103,246,0
169188041,20170103,250,0
151854587,20170103,253,0
170147339,20170103,304,0
160977736,20170103,257,0
170118705,20170103,302,0
161177883,20170103,303,0
169913122,20170103,259,0
147625825,20170103,302,0
166574702,20170103,300,0
167456322,20170103,304,0
169935206,20170103,305,0
158102203,20170103,304,0
169245312,20170103,226,0
166323029,20170103,257,0
169943669,20170103,301,0
168089815,20170103,304,0
169864067,20170103,300,0
169245312,20170103,257,0
169864067,20170103,229,0
126704171,20170103,232,0
167547678,20170103,231,0
169781001,20170103,226,0
160977736,20170103,226,0
145829718,20170103,231,0
157364942,20170103,227,0
168223544,20170103,257,0
166322370,20170103,301,0
169692520,20170103,302,0
169781001,20170103,257,0
167112020,20170103,301,0
169136899,20170103,258,0
162426739,20170103,256,0
145829718,20170103,302,0
150214307,20170103,258,0
151979967,20170103,258,0
164126857,20170103,257,0
166806296,20170103,301,0
155918351,20170103,302,0
169275864,20170103,302,0
126704171,20170103,303,0
168627076,20170103,303,0
129466214,20170103,302,0
164466995,20170103,259,0
154422479,20170103,258,0
157525322,20170103,302,0
157364942,20170103,258,0
169255749,20170103,257,0
168359903,20170103,258,0
167547678,20170103,302,0
146955600,20170103,256,0
169142405,20170103,304,0
167726038,20170103,305,0
165684136,20170103,242,0
164142444,20170103,309,0
169781323,20170103,234,0
164798924,20170103,311,0
162314239,20170103,306,0
152102993,20170103,306,0
161753156,20170103,313,0
168394192,20170103,244,0
170152010,20170103,310,0
170080792,20170103,240,0
165946530,20170103,238,0
152041780,20170103,311,0
169624946,20170103,306,0
169866769,20170103,308,0
167726038,20170103,234,0
168952122,20170103,242,0
153318721,20170103,310,0
170046510,20170103,309,0
169781323,20170103,306,0
152041780,20170103,239,0
137718499,20170103,308,0
127331897,20170103,310,0
170080792,20170103,312,0
170144756,20170103,243,0
162641339,20170103,307,0
168349568,20170103,308,0
165788270,20170103,313,0
169484641,20170103,243,0
162435452,20170103,312,0
154444235,20170103,306,0
153401159,20170103,311,0
166191071,20170103,243,0
164535507,20170103,307,0
165946530,20170103,309,0
153450806,20170103,307,0
165927604,20170103,312,0
155974660,20170103,313,0
170152010,20170103,238,0
162745668,20170103,309,0
160262070,20170103,253,0
143548684,20170103,253,0
167927803,20170103,246,0
158807821,20170103,253,0
166931847,20170103,249,0
167383301,20170103,254,0
158810341,20170103,323,0
158807821,20170103,325,0
166607579,20170103,318,0
166870997,20170103,323,0
167383301,20170103,326,0
168952122,20170103,314,0
162779233,20170103,319,0
154457950,20170103,325,0
164742200,20170103,323,0
165056211,20170103,321,0
166396062,20170103,320,0
167927803,20170103,247,0
163638808,20170103,323,0
167553490,20170103,321,0
167881093,20170103,313,0
168509263,20170103,313,0
154502423,20170103,322,0
163374113,20170103,319,0
164166585,20170103,319,0
167966504,20170103,314,0
169853183,20170103,325,0
160262070,20170103,325,0
143548684,20170103,325,0
167001357,20170103,319,0
167112020,20170103,320,0
156645696,20170103,322,0
166506184,20170103,319,0
170015233,20170103,322,0
167065786,20170103,325,0
152644747,20170103,319,0
139624842,20170103,314,0
159355459,20170103,251,0
162189818,20170103,245,0
163374113,20170103,248,0
165684136,20170103,314,0
170015233,20170103,248,0
167927803,20170103,319,0
167927803,20170103,317,0
159355459,20170103,323,0
162553175,20170103,248,0
168583354,20170103,320,0
158989427,20170103,320,0
161979931,20170103,318,0
148163356,20170103,321,0
162553175,20170103,320,0
166817315,20170103,324,0
166931847,20170103,320,0
159830979,20170103,322,0
166506184,20170103,248,0
168302558,20170103,321,0
164731916,20170103,317,0
162559029,20170103,305,0
166599749,20170103,259,0
157977343,20170103,258,0
167785623,20170103,258,0
163792876,20170103,259,0
169744671,20170103,256,0
161837526,20170103,330,0
160027655,20170103,327,0
164807699,20170103,256,0
144363228,20170103,335,0
164957461,20170103,331,0
166359888,20170103,326,0
158337452,20170103,334,0
165584234,20170103,328,0
169701435,20170103,334,0
156034581,20170103,333,0
164807699,20170103,327,0
138568706,20170103,328,0
169127672,20170103,329,0
150820677,20170103,334,0
141701532,20170103,329,0
168358732,20170103,303,0
167927803,20170103,301,0
164957461,20170103,300,0
146275331,20170103,333,0
157977343,20170103,329,0
153118319,20170103,333,0
133492229,20170103,335,0
160952654,20170103,334,0
167927803,20170103,332,0
168547209,20170103,335,0
170042785,20170103,334,0
157425499,20170103,329,0
167202454,20170103,329,0
170152022,20170103,327,0
167965700,20170103,327,0
132958355,20170103,326,0
156806889,20170103,326,0
167785623,20170103,330,0
167793925,20170103,335,0
161355505,20170103,330,0
169744671,20170103,327,0
167202454,20170103,258,0
163792876,20170103,332,0
163560132,20170103,333,0
157609855,20170103,329,0
163629360,20170103,329,0
157058634,20170103,326,0
169790566,20170103,335,0
168358732,20170103,334,0
165303125,20170103,313,0
166163416,20170103,313,0
164710980,20170103,311,0
170152010,20170103,309,0
167039071,20170103,313,0
119800730,20170103,305,0
162559029,20170103,336,0
150050659,20170103,344,0
167039071,20170103,344,0
168410162,20170103,342,0
128535341,20170103,342,0
161436148,20170103,336,0
170104363,20170103,336,0
169867719,20170103,307,0
168039001,20170103,345,0
148912054,20170103,342,0
159007057,20170103,343,0
141044679,20170103,343,0
131305807,20170103,342,0
158694084,20170103,337,0
164079289,20170103,307,0
168303612,20170103,340,0
156298613,20170103,340,0
166163416,20170103,345,0
147771089,20170103,337,0
169162810,20170103,345,0
156298613,20170103,308,0
158598007,20170103,345,0
163611555,20170103,341,0
156576926,20170103,344,0
161436148,20170103,305,0
165072183,20170103,344,0
165864150,20170103,339,0
150806197,20170103,343,0
166253866,20170103,337,0
169788413,20170103,341,0
128029442,20170103,335,0
164079289,20170103,338,0
170152010,20170103,341,0
166660951,20170103,337,0
159919536,20170103,336,0
154987489,20170103,341,0
166292757,20170103,338,0
166321891,20170103,338,0
119800730,20170103,336,0
159485389,20170103,345,0
169867719,20170103,338,0
170147339,20170103,341,0
149716115,20170103,336,0
166599749,20170103,341,0
167910200,20170103,314,0
159403071,20170103,341,0
165303125,20170103,345,0
149604729,20170103,336,0
140440347,20170103,344,0
169273248,20170103,342,0
165072183,20170103,345,0
170126091,20170103,321,0
168513254,20170103,323,0
160731031,20170103,322,0
166842903,20170103,320,0
161343128,20170103,353,0
162991342,20170103,354,0
167871449,20170103,346,0
168513254,20170103,354,0
147306308,20170103,353,0
151305234,20170103,348,0
166388763,20170103,351,0
160731031,20170103,353,0
139704979,20170103,355,0
168056022,20170103,317,0
170079586,20170103,317,0
167268819,20170103,352,0
157450055,20170103,352,0
161476815,20170103,348,0
128696046,20170103,351,0
163860926,20170103,345,0
164620909,20170103,347,0
168604624,20170103,346,0
168331244,20170103,350,0
162779233,20170103,320,0
160041301,20170103,350,0
170085935,20170103,351,0
170085935,20170103,320,0
164501980,20170103,319,0
164710980,20170103,319,0
156241368,20170103,352,0
166811925,20170103,352,0
161521991,20170103,349,0
162186347,20170103,347,0
168420256,20170103,351,0
146010367,20170103,349,0
161521991,20170103,318,0
162779233,20170103,351,0
164710980,20170103,320,0
164853278,20170103,316,0
168056022,20170103,349,0
164853278,20170103,347,0
170079586,20170103,348,0
169007107,20170103,349,0
170126091,20170103,353,0
127700106,20170103,354,0
155228409,20170103,346,0
165291972,20170103,345,0
129177063,20170103,352,0
166842903,20170103,351,0
169849707,20170103,351,0
164501980,20170103,350,0
152978333,20170103,352,0
162016374,20170103,400,0
165806068,20170103,358,0
169909723,20170103,403,0
169937529,20170103,405,0
158993959,20170103,405,0
166219108,20170103,334,0
168986868,20170103,332,0
152707740,20170103,403,0
166125613,20170103,405,0
158644497,20170103,405,0
170136505,20170103,324,0
135756668,20170103,358,0
159684367,20170103,405,0
168075105,20170103,405,0
135900573,20170103,400,0
170139370,20170103,404,0
151883295,20170103,400,0
166939364,20170103,356,0
166219108,20170103,405,0
168573414,20170103,400,0
168313137,20170103,357,0
168986868,20170103,405,0
165113223,20170103,402,0
170139370,20170103,332,0
168573414,20170103,329,0
159684367,20170103,333,0
170150105,20170103,330,0
164292117,20170103,333,0
153841819,20170103,324,0
164657755,20170103,330,0
167813206,20170103,333,0
168166081,20170103,330,0
168313137,20170103,326,0
157013936,20170103,401,0
123553793,20170103,356,0
170075892,20170103,359,0
142626002,20170103,402,0
164657755,20170103,402,0
170136505,20170103,356,0
125896245,20170103,357,0
170150105,20170103,402,0
153841819,20170103,356,0
168166081,20170103,402,0
163957120,20170103,401,0
168644827,20170103,359,0
164292117,20170103,404,0
170152010,20170103,332,0
162574201,20170103,403,0
169943498,20170103,357,0
158638713,20170103,359,0
125896245,20170103,326,0
166939364,20170103,325,0
162227346,20170103,358,0
168130197,20170103,358,0
168263823,20170103,338,0
164710980,20170103,338,0
158644497,20170103,334,0
167685141,20170103,334,0
125198542,20170103,407,0
164054121,20170103,410,0
168572156,20170103,415,0
158716437,20170103,411,0
167685141,20170103,407,0
168263823,20170103,409,0
133163285,20170103,411,0
168986868,20170103,407,0
169487611,20170103,414,0
149652540,20170103,407,0
133943356,20170103,413,0
169879599,20170103,407,0
150098024,20170103,411,0
151257947,20170103,412,0
159924643,20170103,409,0
165679619,20170103,415,0
149077940,20170103,415,0
164556419,20170103,409,0
166947207,20170103,412,0
169420386,20170103,412,0
161837526,20170103,412,0
170037230,20170103,415,0
166542430,20170103,415,0
164273458,20170103,408,0
154283567,20170103,408,0
160612493,20170103,406,0
167813206,20170103,406,0
166283561,20170103,407,0
169487611,20170103,411,0
164885616,20170103,410,0
170138877,20170103,412,0
164710980,20170103,410,0
166284098,20170103,414,0
170028226,20170103,408,0
134935779,20170103,408,0
162595372,20170103,410,0
157801704,20170103,414,0
170037230,20170103,344,0
165377824,20170103,411,0
169420386,20170103,341,0
170028226,20170103,337,0
168572156,20170103,343,0
167871449,20170103,420,0
130659624,20170103,421,0
169959173,20170103,419,0
158702282,20170103,422,0
166177403,20170103,346,0
169959173,20170103,348,0
164589328,20170103,422,0
168248806,20170103,421,0
146010367,20170103,417,0
145752856,20170103,420,0
161196778,20170103,421,0
156871557,20170103,421,0
168484127,20170103,419,0
162344234,20170103,416,0
152566017,20170103,416,0
153956730,20170103,425,0
166214093,20170103,417,0
157220676,20170103,416,0
167875748,20170103,417,0
152320855,20170103,419,0
166666771,20170103,424,0
166496843,20170103,419,0
163218229,20170103,417,0
162432799,20170103,420,0
169933094,20170103,425,0
169396395,20170103,420,0
160371126,20170103,422,0
159718019,20170103,417,0
169761144,20170103,421,0
167541625,20170103,424,0
170137350,20170103,421,0
165386714,20170103,425,0
166971091,20170103,423,0
158637119,20170103,424,0
170087419,20170103,424,0
170087419,20170103,424,0
154494635,20170103,424,0
166177403,20170103,418,0
164647876,20170103,419,0
170087419,20170103,352,0
157220676,20170103,345,0
169761144,20170103,349,0
170152010,20170103,353,0
168248806,20170103,349,0
169396395,20170103,348,0
164482649,20170103,404,0
168986868,20170103,401,0
163341802,20170103,432,0
164482649,20170103,435,0
156703809,20170103,426,0
149817169,20170103,435,0
169930622,20170103,432,0
169488594,20170103,426,0
164469787,20170103,433,0
164927122,20170103,428,0
157423438,20170103,426,0
164855563,20170103,434,0
167646088,20170103,434,0
130793677,20170103,432,0
163235819,20170103,435,0
170151686,20170103,427,0
164927122,20170103,356,0
164125975,20170103,432,0
170139370,20170103,431,0
159076580,20170103,434,0
166292757,20170103,432,0
167245579,20170103,432,0
157267819,20170103,402,0
168881466,20170103,427,0
166016637,20170103,430,0
167553490,20170103,431,0
169842023,20170103,359,0
169991083,20170103,427,0
169435975,20170103,357,0
168572599,20170103,429,0
170152010,20170103,426,0
169246199,20170103,433,0
168239292,20170103,431,0
160640312,20170103,427,0
165066619,20170103,433,0
137673765,20170103,434,0
164393215,20170103,429,0
169930622,20170103,400,0
168572599,20170103,430,0
169435975,20170103,429,0
169488594,20170103,355,0
169842023,20170103,430,0
158638713,20170103,435,0
167163309,20170103,427,0
168986868,20170103,433,0
169427114,20170103,427,0
157267819,20170103,433,0
160915028,20170103,431,0
167268819,20170103,425,0
154439197,20170103,441,0
154832373,20170103,438,0
124046539,20170103,439,0
161722795,20170103,443,0
168439756,20170103,443,0
151082370,20170103,438,0
169942128,20170103,437,0
168045097,20170103,439,0
135125714,20170103,439,0
163948721,20170103,440,0
155366860,20170103,444,0
152702966,20170103,444,0
168576901,20170103,439,0
169848077,20170103,438,0
161742549,20170103,439,0
163222945,20170103,408,0
168576901,20170103,408,0
170152065,20170103,442,0
168931046,20170103,436,0
170110773,20170103,443,0
169734469,20170103,442,0
161050124,20170103,436,0
169514726,20170103,443,0
167857535,20170103,410,0
152128888,20170103,440,0
163589823,20170103,444,0
143151223,20170103,443,0
134543349,20170103,445,0
168931046,20170103,405,0
161722795,20170103,412,0
162042759,20170103,436,0
162028090,20170103,443,0
169514726,20170103,412,0
170110773,20170103,412,0
165786407,20170103,413,0
167857535,20170103,441,0
163774993,20170103,441,0
160164454,20170103,436,0
165786407,20170103,445,0
133492229,20170103,438,0
163222945,20170103,441,0
167935685,20170103,437,0
156877884,20170103,439,0
168618321,20170103,436,0
167649099,20170103,437,0
163347487,20170103,436,0
151462611,20170103,439,0
166206954,20170103,445,0
157434223,20170103,436,0
170152063,20170103,440,0
155064210,20170103,442,0
165066155,20170103,449,0
128371114,20170103,450,0
170096247,20170103,453,0
154368481,20170103,450,0
151338354,20170103,447,0
169772070,20170103,453,0
168553036,20170103,447,0
149549704,20170103,454,0
170152010,20170103,449,0
153533867,20170103,455,0
165730332,20170103,447,0
149549704,20170103,455,0
143920759,20170103,448,0
141934774,20170103,454,0
141049973,20170103,448,0
163463104,20170103,446,0
170096247,20170103,422,0
165302374,20170103,423,0
169968732,20170103,417,0
154368481,20170103,419,0
165380543,20170103,445,0
170152069,20170103,450,0
168802695,20170103,450,0
164580046,20170103,446,0
158119439,20170103,447,0
167902374,20170103,447,0
166625581,20170103,448,0
168094683,20170103,456,0
169787445,20170103,452,0
165170745,20170103,451,0
135893041,20170103,452,0
145046234,20170103,448,0
140142402,20170103,446,0
164387329,20170103,451,0
166202827,20170103,451,0
147223786,20170103,456,0
167646088,20170103,452,0
150886357,20170103,454,0
169968732,20170103,448,0
164619153,20170103,445,0
139944448,20170103,450,0
161757100,20170103,450,0
167910200,20170103,446,0
167758406,20170103,450,0
167910200,20170103,415,0
164580046,20170103,415,0
169772070,20170103,421,0
169464455,20170103,446,0
164546623,20170103,452,0
136116265,20170103,426,0
160615046,20170103,431,0
164678716,20170103,432,0
167140601,20170103,431,0
166712773,20170103,434,0
162432799,20170103,427,0
155924667,20170103,430,0
155622088,20170103,429,0
168224336,20170103,457,0
168603215,20170103,457,0
168859150,20170103,503,0
162537299,20170103,506,0
165979493,20170103,505,0
168859150,20170103,432,0
169864228,20170103,500,0
155622088,20170103,500,0
129323899,20170103,503,0
160615046,20170103,502,0
136116265,20170103,457,0
163310542,20170103,503,0
160206072,20170103,503,0
168150346,20170103,435,0
150909612,20170103,506,0
166340631,20170103,501,0
169092456,20170103,501,0
168915012,20170103,503,0
168693212,20170103,457,0
152173630,20170103,503,0
168618321,20170103,458,0
150090824,20170103,503,0
167603252,20170103,457,0
169266819,20170103,500,0
141530754,20170103,500,0
168690456,20170103,458,0
165979493,20170103,434,0
149528133,20170103,503,0
151928300,20170103,459,0
162537299,20170103,434,0
169745892,20170103,427,0
169745892,20170103,458,0
163589823,20170103,506,0
163006346,20170103,501,0
166712773,20170103,505,0
164678716,20170103,504,0
168303612,20170103,504,0
166940289,20170103,502,0
157559685,20170103,504,0
167140601,20170103,502,0
140876266,20170103,503,0
158937128,20170103,504,0
149859138,20170103,502,0
168929727,20170103,459,0
163932595,20170103,458,0
155924667,20170103,502,0
170152072,20170103,501,0
170137952,20170103,503,0
168125222,20170103,502,0
170152078,20170103,515,0
160615046,20170103,513,0
164125975,20170103,512,0
161698290,20170103,508,0
142151782,20170103,507,0
155859293,20170103,513,0
164678716,20170103,437,0
170152081,20170103,514,0
168331614,20170103,513,0
166460311,20170103,512,0
158185098,20170103,513,0
162355423,20170103,511,0
169245312,20170103,509,0
131755467,20170103,509,0
152429034,20170103,508,0
162432799,20170103,509,0
169726399,20170103,507,0
151002561,20170103,514,0
168799389,20170103,507,0
165860756,20170103,514,0
168150346,20170103,507,0
162067147,20170103,511,0
169960764,20170103,507,0
164604865,20170103,507,0
166322536,20170103,440,0
170012728,20170103,514,0
164604865,20170103,511,0
169960764,20170103,436,0
132353086,20170103,514,0
159572760,20170103,507,0
165034831,20170103,508,0
150720654,20170103,511,0
169245312,20170103,437,0
168210665,20170103,507,0
151844405,20170103,511,0
164678716,20170103,508,0
167172102,20170103,514,0
166295582,20170103,511,0
149682024,20170103,509,0
162067147,20170103,440,0
158185098,20170103,514,0
166292757,20170103,510,0
137893112,20170103,514,0
166824958,20170103,511,0
157423438,20170103,512,0
166322536,20170103,511,0
157930205,20170103,508,0
170043723,20170103,510,0
165633696,20170103,508,0
160206072,20170103,506,0
160615046,20170103,442,0
169978033,20170103,512,0
141611990,20170103,512,0
155278237,20170103,510,0
170152078,20170103,443,0
170152081,20170103,443,0
169978033,20170103,440,0
170152080,20170103,443,0
167696650,20170103,450,0
164680544,20170103,453,0
169285575,20170103,451,0
163310294,20170103,445,0
161917307,20170103,523,0
165985241,20170103,522,0
131244890,20170103,522,0
170152080,20170103,447,0
169318584,20170103,449,0
162428335,20170103,525,0
167829292,20170103,519,0
168493948,20170103,523,0
154837197,20170103,524,0
127393104,20170103,519,0
164323879,20170103,517,0
164807426,20170103,524,0
141313917,20170103,517,0
169285575,20170103,525,0
164811991,20170103,524,0
169318584,20170103,521,0
151942557,20170103,523,0
161935976,20170103,524,0
162393078,20170103,518,0
161111947,20170103,523,0
164005150,20170103,521,0
146709978,20170103,516,0
151369651,20170103,526,0
166625581,20170103,523,0
169873625,20170103,521,0
163310294,20170103,522,0
167726447,20170103,522,0
166324946,20170103,517,0
168125284,20170103,516,0
170152080,20170103,523,0
165428887,20170103,521,0
166352027,20170103,522,0
152128888,20170103,520,0
156814608,20170103,515,0
167649099,20170103,520,0
168232589,20170103,517,0
154752903,20170103,524,0
136038709,20170103,517,0
167696650,20170103,521,0
169942128,20170103,517,0
163719829,20170103,524,0
165962109,20170103,515,0
163719829,20170103,453,0
164680544,20170103,525,0
162428335,20170103,524,0
169627591,20170103,518,0
167424669,20170103,523,0
148933402,20170103,515,0
158185098,20170103,519,0
170152081,20170103,517,0
154439197,20170103,526,0
165525377,20170103,522,0
167829292,20170103,522,0
169942128,20170103,446,0
168493948,20170103,449,0
164811991,20170103,450,0
154752903,20170103,452,0
163265316,20170103,457,0
155243160,20170103,455,0
162217548,20170103,459,0
168826540,20170103,456,0
165487961,20170103,500,0
136116265,20170103,455,0
168826540,20170103,527,0
169772070,20170103,532,0
166642911,20170103,533,0
164828704,20170103,526,0
155491294,20170103,527,0
152608648,20170103,533,0
157363487,20170103,526,0
159752144,20170103,526,0
159924245,20170103,531,0
140305837,20170103,531,0
155243160,20170103,527,0
168551640,20170103,527,0
167068380,20170103,527,0
169742686,20170103,535,0
167386462,20170103,532,0
169427114,20170103,529,0
167970915,20170103,533,0
165860756,20170103,529,0
167970915,20170103,501,0
167386462,20170103,501,0
136116265,20170103,527,0
164358408,20170103,530,0
151440764,20170103,529,0
162217548,20170103,531,0
168829481,20170103,531,0
150664804,20170103,528,0
168829481,20170103,459,0
165487961,20170103,531,0
169608960,20170103,529,0
153718663,20170103,529,0
168892668,20170103,527,0
157341829,20170103,531,0
159418874,20170103,532,0
153718663,20170103,457,0
157269500,20170103,530,0
169317063,20170103,529,0
146407763,20170103,531,0
159924245,20170103,531,0
163265316,20170103,528,0
166334826,20170103,529,0
139870817,20170103,533,0
165200820,20170103,533,0
166799790,20170103,514,0
167417631,20170103,511,0
168919241,20170103,513,0
145863588,20170103,545,0
161275297,20170103,536,0
165953051,20170103,536,0
169994291,20170103,545,0
151186346,20170103,545,0
165065579,20170103,543,0
168937275,20170103,541,0
134974129,20170103,539,0
151194996,20170103,538,0
161762636,20170103,539,0
167786688,20170103,541,0
165322445,20170103,509,0
169413295,20170103,545,0
168937275,20170103,509,0
167733077,20170103,540,0
164814244,20170103,545,0
164391794,20170103,538,0
157381391,20170103,538,0
165322445,20170103,541,0
167113531,20170103,536,0
162655330,20170103,543,0
159615930,20170103,540,0
162367530,20170103,537,0
161762636,20170103,508,0
162867861,20170103,506,0
168919241,20170103,544,0
166625581,20170103,537,0
169994291,20170103,513,0
155366860,20170103,545,0
158100427,20170103,543,0
158404806,20170103,543,0
167417631,20170103,542,0
162867861,20170103,539,0
167851501,20170103,542,0
165051766,20170103,520,0
165836856,20170103,516,0
169284484,20170103,524,0
165104575,20170103,548,0
170146403,20170103,553,0
167951838,20170103,553,0
170042785,20170103,518,0
167971821,20170103,552,0
170019176,20170103,553,0
162227346,20170103,551,0
168955727,20170103,554,0
170146403,20170103,554,0
148598025,20170103,553,0
168908112,20170103,548,0
158773553,20170103,553,0
128548370,20170103,554,0
160772327,20170103,548,0
147372133,20170103,549,0
131435371,20170103,553,0
148913232,20170103,552,0
168554097,20170103,553,0
158773553,20170103,554,0
170152081,20170103,516,0
164537686,20170103,554,0
168916497,20170103,554,0
156512657,20170103,520,0
159817979,20170103,517,0
170019176,20170103,521,0
164537686,20170103,522,0
166971583,20170103,551,0
168262085,20170103,548,0
169284484,20170103,521,0
165104575,20170103,517,0
159817979,20170103,548,0
170152081,20170103,547,0
166799790,20170103,546,0
168781560,20170103,552,0
154879159,20170103,555,0
166174254,20170103,547,0
165051766,20170103,552,0
169793898,20170103,547,0
170042785,20170103,549,0
169284484,20170103,552,0
156512657,20170103,552,0
160895216,20170103,555,0
135140596,20170103,551,0
162733907,20170103,546,0
130433162,20170103,555,0
167971821,20170103,552,0
165836856,20170103,547,0
152223452,20170103,554,0
161668914,20170103,546,0
169069589,20170103,550,0
164980629,20170103,553,0
142932116,20170103,548,0
165302374,20170103,533,0
167814377,20170103,527,0
170152101,20170103,533,0
167361671,20170103,559,0
168540897,20170103,601,0
165977373,20170103,600,0
167012393,20170103,603,0
135931341,20170103,604,0
155293466,20170103,602,0
157530864,20170103,604,0
167361671,20170103,558,0
135340594,20170103,606,0
170152080,20170103,526,0
48571907,20170103,557,0
154920013,20170103,600,0
169284484,20170103,558,0
159220028,20170103,558,0
157511013,20170103,603,0
166228707,20170103,558,0
158527732,20170103,606,0
161047388,20170103,526,0
170152101,20170103,604,0
170152099,20170103,601,0
169049196,20170103,558,0
144672675,20170103,606,0
148091550,20170103,602,0
132281275,20170103,602,0
160972523,20170103,606,0
162067147,20170103,604,0
154350379,20170103,559,0
169049196,20170103,527,0
168687388,20170103,600,0
141703399,20170103,602,0
167631003,20170103,602,0
170152080,20170103,557,0
165302374,20170103,605,0
167403168,20170103,600,0
169071730,20170103,600,0
166862212,20170103,605,0
166063028,20170103,602,0
163074296,20170103,600,0
152940867,20170103,600,0
168983018,20170103,556,0
151013122,20170103,556,0
133386455,20170103,557,0
163074296,20170103,600,0
167913150,20170103,605,0
163449099,20170103,556,0
161047388,20170103,557,0
165406301,20170103,601,0
165564709,20170103,605,0
169318527,20170103,603,0
170152099,20170103,530,0
168540897,20170103,530,0
169377626,20170103,556,0
154350379,20170103,527,0
152940867,20170103,528,0
162067147,20170103,531,0
163074296,20170103,528,0
169071730,20170103,528,0
167631003,20170103,531,0
169834755,20170103,542,0
161560533,20170103,537,0
165836856,20170103,540,0
170076582,20170103,541,0
159151198,20170103,543,0
168451725,20170103,538,0
170152080,20170103,536,0
169834755,20170103,613,0
169222834,20170103,535,0
159324403,20170103,536,0
166085287,20170103,538,0
169176164,20170103,540,0
169511946,20170103,536,0
161853900,20170103,538,0
159114151,20170103,612,0
164021528,20170103,612,0
129958903,20170103,611,0
152076826,20170103,612,0
157381391,20170103,607,0
161560533,20170103,608,0
167581084,20170103,607,0
159348079,20170103,611,0
151384670,20170103,612,0
169222834,20170103,607,0
170093787,20170103,607,0
162699676,20170103,610,0
164573503,20170103,607,0
155807855,20170103,607,0
168083460,20170103,611,0
157234657,20170103,611,0
130807295,20170103,612,0
167740038,20170103,610,0
155799006,20170103,615,0
168451725,20170103,609,0
154247664,20170103,606,0
165136927,20170103,611,0
158560365,20170103,609,0
161853900,20170103,609,0
127240372,20170103,608,0
166722011,20170103,608,0
169056488,20170103,615,0
162512354,20170103,611,0
169176164,20170103,611,0
127688832,20170103,609,0
170076582,20170103,613,0
165836856,20170103,611,0
169511946,20170103,607,0
167053097,20170103,608,0
156456750,20170103,611,0
160265089,20170103,607,0
159324403,20170103,608,0
167726447,20170103,610,0
158099503,20170103,608,0
144396315,20170103,608,0
169930210,20170103,608,0
167415393,20170103,609,0
166557962,20170103,616,0
159151198,20170103,614,0
170152080,20170103,608,0
166085287,20170103,610,0
168083460,20170103,539,0
169787172,20170103,551,0
169801009,20170103,548,0
162610361,20170103,554,0
165021956,20170103,550,0
135579444,20170103,555,0
164204881,20170103,620,0
148410102,20170103,625,0
166029872,20170103,623,0
164010788,20170103,621,0
169787172,20170103,623,0
150182110,20170103,624,0
166230611,20170103,619,0
165686056,20170103,620,0
144980978,20170103,619,0
151770313,20170103,625,0
169312410,20170103,618,0
146371413,20170103,623,0
170151508,20170103,549,0
136483408,20170103,624,0
165021956,20170103,622,0
169801009,20170103,620,0
161977934,20170103,625,0
163741271,20170103,617,0
147287563,20170103,621,0
168994464,20170103,618,0
161314767,20170103,621,0
167666120,20170103,618,0
169556575,20170103,623,0
161175125,20170103,617,0
158776113,20170103,554,0
167141775,20170103,617,0
166230611,20170103,548,0
157445565,20170103,618,0
147686327,20170103,619,0
164511214,20170103,622,0
158810341,20170103,624,0
159680336,20170103,620,0
158475554,20170103,622,0
169615399,20170103,618,0
170151508,20170103,620,0
170078353,20170103,622,0
161993427,20170103,618,0
165903147,20170103,603,0
162703570,20170103,603,0
169789237,20170103,604,0
169789237,20170103,636,0
166525621,20170103,628,0
168020829,20170103,626,0
164517554,20170103,634,0
168368296,20170103,630,0
164024697,20170103,636,0
167083105,20170103,627,0
169293161,20170103,632,0
166153214,20170103,636,0
159756253,20170103,630,0
135579444,20170103,627,0
168459056,20170103,630,0
169293161,20170103,601,0
147476468,20170103,627,0
152179044,20170103,634,0
170118369,20170103,626,0
157511013,20170103,631,0
165903147,20170103,635,0
162855841,20170103,628,0
158776113,20170103,625,0
169819354,20170103,634,0
135340594,20170103,632,0
162703570,20170103,635,0
163360061,20170103,628,0
141887381,20170103,626,0
166163952,20170103,634,0
162359512,20170103,635,0
167981443,20170103,628,0
170006729,20170103,629,0
159740390,20170103,635,0
154587254,20170103,635,0
151606144,20170103,630,0
151661599,20170103,631,0
136080233,20170103,631,0
151606144,20170103,558,0
168791570,20170103,635,0
168614796,20170103,633,0
169565151,20170103,635,0
155770745,20170103,633,0
130769501,20170103,635,0
169819354,20170103,602,0
169968838,20170103,628,0
166153214,20170103,604,0
165471775,20170103,631,0
158887570,20170103,635,0
168614796,20170103,602,0
169245312,20170103,633,0
151606144,20170103,633,0
159740390,20170103,603,0
167083105,20170103,556,0
133526786,20170103,631,0
122776937,20170103,631,0
169245312,20170103,602,0
167814377,20170103,629,0
162359512,20170103,604,0
162610361,20170103,626,0
168459056,20170103,559,0
162197055,20170103,642,0
167956976,20170103,642,0
125422208,20170103,636,0
140522010,20170103,640,0
167475541,20170103,641,0
152029556,20170103,637,0
150056342,20170103,636,0
166675243,20170103,642,0
143455550,20170103,636,0
145828268,20170103,645,0
160150545,20170103,642,0
167835202,20170103,638,0
168412357,20170103,641,0
170147560,20170103,645,0
167631461,20170103,637,0
158993959,20170103,644,0
168386086,20170103,642,0
170025744,20170103,646,0
170047623,20170103,644,0
155142973,20170103,640,0
165686772,20170103,641,0
167726447,20170103,646,0
169901165,20170103,637,0
146545900,20170103,638,0
146866573,20170103,644,0
159221298,20170103,612,0
162197055,20170103,611,0
161460754,20170103,640,0
160728199,20170103,639,0
167475541,20170103,609,0
162347691,20170103,643,0
159091985,20170103,639,0
163868256,20170103,641,0
138193981,20170103,645,0
170147560,20170103,614,0
159221298,20170103,643,0
169210884,20170103,645,0
152418482,20170103,645,0
130633912,20170103,645,0
161140029,20170103,613,0
170025744,20170103,615,0
164960265,20170103,644,0
147304159,20170103,643,0
136097120,20170103,641,0
161140029,20170103,644,0
144885950,20170103,645,0
169901165,20170103,606,0
158536181,20170103,620,0
161237442,20170103,616,0
162592626,20170103,649,0
150969675,20170103,648,0
169752212,20170103,628,0
147650468,20170103,656,0
154819877,20170103,655,0
166525621,20170103,651,0
168887571,20170103,654,0
165553572,20170103,652,0
158536181,20170103,651,0
167915160,20170103,648,0
166826673,20170103,622,0
145921265,20170103,652,0
167038434,20170103,626,0
117953046,20170103,652,0
170143087,20170103,622,0
167221243,20170103,647,0
154029896,20170103,650,0
170143087,20170103,654,0
166022947,20170103,651,0
150140262,20170103,650,0
166458472,20170103,657,0
166131076,20170103,654,0
169280082,20170103,647,0
165002221,20170103,654,0
169064326,20170103,648,0
166826673,20170103,654,0
135457614,20170103,647,0
161237442,20170103,647,0
129046192,20170103,649,0
169540182,20170103,654,0
166270994,20170103,656,0
163866233,20170103,647,0
166257010,20170103,656,0
164794605,20170103,629,0
167725391,20170103,628,0
170082719,20170103,626,0
163667006,20170103,637,0
169962059,20170103,640,0
166376385,20170103,704,0
164776023,20170103,658,0
168916470,20170103,633,0
155200460,20170103,706,0
128791952,20170103,706,0
167038434,20170103,657,0
163788329,20170103,658,0
168278406,20170103,658,0
168616374,20170103,705,0
170144690,20170103,658,0
167725391,20170103,700,0
169749273,20170103,704,0
169749273,20170103,633,0
153893912,20170103,705,0
168916470,20170103,704,0
159982764,20170103,638,0
167739372,20170103,639,0
162285688,20170103,636,0
168234297,20170103,700,0
165144270,20170103,659,0
168505621,20170103,659,0
163850246,20170103,637,0
141768806,20170103,703,0
150886357,20170103,703,0
168700158,20170103,706,0
169479033,20170103,657,0
150972929,20170103,657,0
168364267,20170103,636,0
168616374,20170103,634,0
163918859,20170103,631,0
166376385,20170103,632,0
164818163,20170103,705,0
170082719,20170103,657,0
162377253,20170103,702,0
162715812,20170103,659,0
146728393,20170103,659,0
169752212,20170103,659,0
164794605,20170103,701,0
150050659,20170103,703,0
146102783,20170103,700,0
163918859,20170103,703,0
133786364,20170103,704,0
154368481,20170103,648,0
162433403,20170103,641,0
145058847,20170103,713,0
167575491,20170103,718,0
168432297,20170103,712,0
169962059,20170103,711,0
168921875,20170103,720,0
168908112,20170103,718,0
167398780,20170103,718,0
167739372,20170103,710,0
165987991,20170103,710,0
154784986,20170103,712,0
162275519,20170103,710,0
163310294,20170103,716,0
157158619,20170103,709,0
166631732,20170103,719,0
168364267,20170103,707,0
137313400,20170103,710,0
167761646,20170103,715,0
161478672,20170103,717,0
165439589,20170103,721,0
139316447,20170103,717,0
162048966,20170103,716,0
153382640,20170103,720,0
169118889,20170103,716,0
166252876,20170103,711,0
169243069,20170103,719,0
170152063,20170103,709,0
162285688,20170103,708,0
163667006,20170103,708,0
149294800,20170103,717,0
164725318,20170103,709,0
163601661,20170103,708,0
151284348,20170103,711,0
167146143,20170103,649,0
165439589,20170103,649,0
163310294,20170103,644,0
168921875,20170103,648,0
167575491,20170103,646,0
144577315,20170103,720,0
154368481,20170103,719,0
145599570,20170103,719,0
160133943,20170103,721,0
146145336,20170103,720,0
163135131,20170103,715,0
163799879,20170103,719,0
169360413,20170103,717,0
166202909,20170103,707,0
145430606,20170103,718,0
163850246,20170103,708,0
152172735,20170103,713,0
166292757,20170103,711,0
157202328,20170103,719,0
162433403,20170103,713,0
167163309,20170103,717,0
167324995,20170103,708,0
159982764,20170103,710,0
164400430,20170103,659,0
165956841,20170103,722,0
168881034,20170103,729,0
168114066,20170103,731,0
169794282,20170103,730,0
170042785,20170103,726,0
163614695,20170103,722,0
162355029,20170103,725,0
152418482,20170103,730,0
166125613,20170103,724,0
164400430,20170103,730,0
167302283,20170103,728,0
152500986,20170103,731,0
148526140,20170103,722,0
132301690,20170103,722,0
167146143,20170103,723,0
164913869,20170103,731,0
144574634,20170103,728,0
147615948,20170103,725,0
146300544,20170103,728,0
169485760,20170103,724,0
163444929,20170103,728,0
150936475,20170103,728,0
157150526,20170103,729,0
155531860,20170103,727,0
162601624,20170103,729,0
170012728,20170103,709,0
168197927,20170103,709,0
164678716,20170103,707,0
167171336,20170103,709,0
161327098,20170103,708,0
138704208,20170103,707,0
168197927,20170103,741,0
153693718,20170103,738,0
166155598,20170103,738,0
126132507,20170103,740,0
159638034,20170103,735,0
170152155,20170103,710,0
157478611,20170103,740,0
164678716,20170103,739,0
154711946,20170103,740,0
161178664,20170103,738,0
163491742,20170103,741,0
169564635,20170103,740,0
169933082,20170103,704,0
163504199,20170103,734,0
150881710,20170103,737,0
123899469,20170103,738,0
138704208,20170103,739,0
168172459,20170103,738,0
170152155,20170103,741,0
161327098,20170103,739,0
154766960,20170103,736,0
163795409,20170103,741,0
150763054,20170103,739,0
164147309,20170103,732,0
165599361,20170103,737,0
168517046,20170103,740,0
168210678,20170103,735,0
165957238,20170103,739,0
158903866,20170103,732,0
160265089,20170103,733,0
164107963,20170103,716,0
169888169,20170103,719,0
158796216,20170103,720,0
169079447,20170103,713,0
159054687,20170103,719,0
167276959,20170103,714,0
136728300,20170103,714,0
168582915,20170103,713,0
155328523,20170103,745,0
161661448,20170103,744,0
168667347,20170103,745,0
159054687,20170103,750,0
168582915,20170103,747,0
152707740,20170103,743,0
167126457,20170103,742,0
156566758,20170103,746,0
167873971,20170103,746,0
169079447,20170103,745,0
137861107,20170103,749,0
136728300,20170103,746,0
165739547,20170103,750,0
145530534,20170103,748,0
154930651,20170103,743,0
164377407,20170103,745,0
170012728,20170103,745,0
167276959,20170103,746,0
169991069,20170103,747,0
164114328,20170103,743,0
158814355,20170103,751,0
167200100,20170103,748,0
162538090,20170103,750,0
169888169,20170103,751,0
144429471,20170103,746,0
127129673,20170103,750,0
162067147,20170103,752,0
168456301,20170103,748,0
165686772,20170103,748,0
167037715,20170103,748,0
167831630,20170103,744,0
138193058,20170103,748,0
168908112,20170103,743,0
153820216,20170103,744,0
164332675,20170103,751,0
161935976,20170103,746,0
164024697,20170103,742,0
168877494,20170103,743,0
158796216,20170103,751,0
166932145,20170103,743,0
164107963,20170103,748,0
164712721,20170103,743,0
163542873,20170103,745,0
170012728,20170103,744,0
167037715,20170103,716,0
153037397,20170103,725,0
159520433,20170103,756,0
168236478,20170103,753,0
169933082,20170103,753,0
167395128,20170103,758,0
167355156,20170103,757,0
169077582,20170103,758,0
167918049,20170103,801,0
170084459,20170103,758,0
170152169,20170103,759,0
164882910,20170103,753,0
145879634,20170103,759,0
168280106,20170103,757,0
157922502,20170103,800,0
152328507,20170103,755,0
154517739,20170103,800,0
166501866,20170103,759,0
155705991,20170103,755,0
135457614,20170103,756,0
146197766,20170103,755,0
160320774,20170103,757,0
156984354,20170103,801,0
153037397,20170103,756,0
169501077,20170103,758,0
162548842,20170103,759,0
169185149,20170103,755,0
153004455,20170103,758,0
167824860,20170103,752,0
162355029,20170103,756,0
164524249,20170103,757,0
167712286,20170103,755,0
168291692,20170103,752,0
140744192,20170103,801,0
164694365,20170103,801,0
169933082,20170103,721,0
162548842,20170103,727,0
159520433,20170103,724,0
167395128,20170103,726,0
170084459,20170103,727,0
169077582,20170103,726,0
160065235,20170103,733,0
169504099,20170103,733,0
149482138,20170103,737,0
131281140,20170103,81934,0
158075748,20170103,82000,0
163058670,20170103,82051,0
151817951,20170103,81959,0
166207932,20170103,81939,0
146023823,20170103,81940,0
169591947,20170103,81957,0
133558879,20170103,82000,0
170100880,20170103,82111,0
150315133,20170103,81957,0
159677107,20170103,82000,0
151324688,20170103,81956,0
168942966,20170103,81959,0
169590081,20170103,81934,0
139401479,20170104,194209,0
159832987,20170104,194237,0
167057896,20170104,194237,0
153593404,20170104,194237,0
162072889,20170104,194237,0
169670000,20170104,194232,0
133162446,20170104,194233,0
169424589,20170104,194237,0
165418397,20170104,194230,0
151492596,20170104,194232,0
161800273,20170104,194232,0
168928987,20170104,194234,0
138714506,20170104,194234,0
162968831,20170104,194233,0
127905568,20170104,194237,0
170137083,20170104,194237,0
162417936,20170104,194237,0
170211224,20170104,194149,0
168007157,20170104,194148,0
170263179,20170104,194150,0
170165181,20170104,194150,0
165481289,20170104,194145,0
167655946,20170104,194154,0
169555691,20170104,194154,0
166687896,20170104,194147,0
167686798,20170104,194149,0
105540274,20170104,194149,0
164123274,20170104,194150,0
168946382,20170104,194149,0
167566834,20170104,194148,0
170171857,20170105,63321,0
168672199,20170105,63818,0
159104447,20170105,63316,0
168848118,20170105,63223,0
168733272,20170105,63830,0
133574514,20170105,63839,0
167534609,20170106,210238,0
170310923,20170106,210242,0
170410620,20170106,210237,0
163611992,20170106,210245,0
162432364,20170106,210240,0
168849254,20170106,210236,0
163678142,20170106,210243,0
134042965,20170106,210236,0
170047754,20170106,210240,0
155580880,20170107,145333,0
168098446,20170107,145334,0
163301552,20170107,145340,0
159720548,20170107,145346,0
129613335,20170107,145342,0
136548772,20170107,145341,0
167794559,20170107,145350,0
152225359,20170107,145346,0
167114442,20170107,145341,0
135466148,20170107,145340,0
140877642,20170107,145348,0
167583370,20170108,222529,0
168999716,20170108,222529,0
170211746,20170108,222527,0
135725996,20170109,171737,0
168057862,20170109,171739,0
170585246,20170109,171740,0
164656418,20170109,171746,0
167860520,20170109,171745,0
170602305,20170109,171739,0
156031303,20170109,171745,0
160052786,20170109,171746,0
127938116,20170109,171740,0
150134939,20170110,85145,3001
146023229,20170110,85402,3001
168625583,20170110,85253,3001
170030183,20170110,85308,3001
125472322,20170110,85338,3001
30544089,20170110,85318,3001
147529399,20170110,85332,3001
164106595,20170110,85353,3001
166443060,20170110,85248,3001
170588000,20170110,85403,3001
169808874,20170110,85400,3001
168061114,20170110,85344,3001
168233228,20170110,90547,0
157419698,20170111,231032,0
170150085,20170111,231029,0
166939760,20170111,231053,0
164885328,20170111,231053,0
157958919,20170111,231100,0
165490385,20170111,231133,0
168243241,20170111,231204,0
164318918,20170111,231234,0
168127041,20170111,231249,0
165857209,20170111,231258,0
157313777,20170111,231308,0
169028373,20170111,231307,0
169710724,20170111,231357,0
163321341,20170111,231357,0
169417800,20170111,231429,0
162669845,20170111,231518,0
164923097,20170111,231529,0
159419020,20170112,104128,0
159419020,20170112,104228,0
159822359,20170112,104257,0
159822359,20170112,104156,0
158939247,20170112,104213,0
158939247,20170112,104313,0
159783067,20170112,104223,0
159783067,20170112,104324,0
158677837,20170112,104347,0
159737099,20170112,104338,0
161291899,20170113,150150,0
159513724,20170113,2237,0
159848720,20170113,5539,0
160956792,20170113,100915,0
160444181,20170113,102202,0
160120368,20170113,115809,0
160120368,20170113,115835,0
159406838,20170113,122225,0
160663952,20170113,125108,0
159406838,20170113,132237,0
161413996,20170113,140629,0
159406838,20170113,143853,0
169279609,20170114,213537,0
165903853,20170114,213634,0
165903853,20170114,213755,0
169023326,20170114,213924,0
168407186,20170114,214034,0
163494906,20170114,214324,0
165912117,20170114,214410,0
166433004,20170114,214457,0
165948196,20170114,214710,0
166143923,20170114,214721,0
164724612,20170114,214808,0
165730996,20170114,215229,0
166766879,20170114,215505,0
166317433,20170114,215516,0
169015006,20170115,195356,3001
170858343,20170115,195447,3001
168330180,20170115,195448,3001
169447736,20170115,195508,3001
168420415,20170115,195512,3001
169447736,20170115,195507,3001
169468171,20170115,195543,3001
168095327,20170115,195537,3001
166905069,20170115,195554,3001
163508031,20170115,195601,3001
169447736,20170115,195616,3001
168420415,20170115,195644,3001
170988491,20170115,195643,3001
169605528,20170115,195740,3001
169592967,20170115,195738,3001